# Run numbers to analyse 
2914
2929
2930
2931
2932
2933
2934
2949
2950
2967
2968
2969
2970
2971
2972
2973
2974
2975
2976
2977
2988
2989
2990
2991
2992
3004
3005
3006
3007
3008
3093
3094
3095
3096
3231
3232
3243
3270
3271
3272
3273
3274
3275
3276
3277
3278
3279
3318
3319
3320
3321
3328
3329
3330
3338
3339
3340
3355
3356
3373
3598
3599
3600
3601
3615
3632
3633
3634
3635
3672
3673
3674
3675
3676
3677
3706
3707
3708
4067
4068
4086
4087
6045
6073
6304
6872
6873
6874
6875
6892
6893
6894
6895
7097
7098
7099
7133
7136
7161
7195
7196
7197
7199
7200
7227
7228
7231
7232
7233
7253
7254
7255
7256
7274
7275
7276
7277
